-220
-220
-220
-220
-220
-220
-220
-220
-220
-220
-220
-220
-220
-220
-220
-220
-220
-220
-220
-220
-220
-220
-220
-220
-220
-220
-220
-220
-220
-220
-220
-220
-220
-220
-220
-220
-220
-220
-220
-220
-220
-220
-220
-220
-220
-220
-220
-220
-220
-220
-220
-220
-220
-220
-220
-220
-220
-220
-220
-220
-220
-220
-220
-220
-220
-220
-220
-220
-220
-220
-220
-220
-220
-220
-220
-220
-220
-220
-220
-220
-220
-220
-220
-220
-220
-220
-220
-220
-220
-220
-220
-220
-220
-220
-220
-220
-220
-220
-220
-220
-220
-220
-220
-220
-220
-220
-220
-220
-220
-220
-220
-220
-220
-220
-220
-220
-220
-220
-220
-220
-220
-220
-220
-220
-220
-220
-220
-220
-220
-220
-220
-220
-220
-220
-220
-220
-220
-220
-220
-220
-220
-220
-220
-220
-220
-220
-220
-220
-220
-220
-220
-220
-220
-220
-220
29
29
29
30
31
30
29
31
33
32
33
30
32
33
33
35
33
33
34
31
32
34
33
32
33
36
36
37
37
39
40
41
39
40
41
42
43
42
39
38
40
38
39
37
39
40
39
39
39
38
39
39
41
42
41
40
39
41
38
38
39
38
37
39
38
37
37
36
37
34
35
34
33
33
32
37
32
33
37
32
37
33
36
37
32
33
33
36
39
45
46
44
51
55
57
59
60
60
66
71
71
74
75
75
78
77
80
80
80
81
84
83
82
81
83
81
83
81
82
85
78
82
81
79
79
67
78
71
69
69
68
66
67
80
80
78
78
68
80
84
80
81
81
82
83
81
80
78
78
76
77
82
76
77
78
77
77
79
78
77
68
69
67
70
80
79
67
78
72
68
70
67
68
73
67
67
65
70
66
82
65
76
72
82
70
83
81
71
84
85
69
83
84
85
84
84
85
72
87
87
72
70
83
88
86
87
89
75
91
91
84
80
83
81
82
94
94
94
90
92
95
91
93
94
94
96
93
98
97
98
99
99
99
100
99
99
94
88
91
87
88
88
89
89
87
95
92
92
88
90
92
90
91
90
90
90
90
90
90
88
90
91
90
92
90
102
97
102
101
91
97
97
97
102
98
104
101
95
96
94
93
91
94
105
110
108
109
108
110
110
112
112
112
112
114
114
115
115
115
114
115
114
115
114
113
112
116
114
113
116
116
115
113
113
113
113
112
112
111
112
112
112
112
112
113
111
111
111
111
110
111
111
111
111
111
111
110
110
111
110
109
107
105
109
104
109
106
75
75
78
80
79
74
70
75
68
68
68
85
91
83
81
79
80
80
78
78
81
78
80
79
77
78
78
86
85
86
88
89
87
88
75
94
96
88
86
94
94
83
96
95
97
96
95
96
98
98
96
97
98
97
95
96
96
97
96
97
81
61
81
64
83
62
80
80
77
78
83
78
78
78
64
92
93
85
87
86
92
94
94
93
93
85
94
92
93
84
79
94
94
74
76
76
85
81
83
80
88
93
97
97
92
81
87
85
72
90
91
92
91
75
71
72
73
72
74
73
75
72
69
72
88
89
78
77
87
81
82
83
100
95
94
92
98
99
101
99
101
102
101
102
101
102
101
103
102
103
103
102
102
100
95
76
82
82
81
82
92
88
78
74
73
84
85
84
87
86
86
84
87
86
85
85
85
85
86
86
89
86
89
88
89
88
90
89
89
90
89
91
90
90
88
90
91
91
90
93
90
92
91
97
94
96
96
97
94
92
93
94
94
84
92
92
94
90
92
88
90
84
90
90
90
84
86
85
86
84
84
86
84
84
88
83
83
82
86
83
84
84
82
79
82
80
81
82
82
81
82
82
81
82
79
80
81
79
80
79
81
82
77
80
83
80
77
78
75
79
83
84
82
83
84
82
83
78
82
73
81
79
76
70
71
71
77
73
72
76
71
68
65
64
66
79
71
73
76
74
80
73
75
89
89
93
92
94
95
95
96
97
97
97
97
97
97
95
96
96
98
97
98
98
101
102
101
102
104
105
105
106
106
107
106
108
107
107
105
104
104
104
104
104
105
104
104
103
104
104
104
103
104
105
104
104
105
105
104
104
105
106
105
106
104
104
105
106
106
106
106
108
109
108
109
109
109
109
108
109
107
108
108
108
109
109
108
109
109
108
107
106
107
108
107
106
105
105
105
102
105
103
105
104
102
105
105
105
104
106
105
105
104
104
104
104
104
102
101
105
101
99
100
99
98
98
97
99
99
101
101
100
100
100
101
101
102
102
102
103
103
102
106
107
107
106
105
104
104
105
105
104
105
105
106
106
106
107
105
106
105
104
104
103
102
102
101
102
102
101
102
102
102
101
101
100
100
99
99
99
100
100
102
99
99
103
97
97
93
93
94
94
97
96
96
96
96
96
94
93
75
93
92
93
72
94
74
73
72
74
76
70
70
71
71
74
71
91
89
80
69
78
75
71
75
77
75
78
77
73
74
74
74
73
74
74
73
70
92
95
95
95
94
79
80
80
84
95
102
102
100
100
101
103
103
99
102
101
102
99
100
100
101
80
78
81
83
82
90
88
86
95
85
87
94
95
97
94
96
96
97
97
97
96
96
96
94
93
95
95
94
95
96
95
96
96
98
71
85
92
92
92
88
88
91
93
91
89
94
95
95
96
99
97
99
91
95
96
98
97
98
98
98
97
95
94
92
91
84
75
62
59
81
89
95
94
96
89
74
74
74
70
62
78
72
71
86
84
75
78
65
75
76
78
77
76
75
74
81
75
73
75
75
74
62
61
64
77
81
74
79
75
74
75
74
74
73
61
77
61
62
71
62
71
61
61
63
67
68
68
69
79
72
59
77
64
60
60
71
69
69
83
70
69
70
71
69
71
69
74
70
77
71
88
72
72
69
71
74
72
64
73
72
65
64
67
71
66
63
65
63
64
63
66
61
60
61
60
63
60
61
61
59
85
83
83
66
82
84
84
84
85
84
84
80
77
80
82
84
86
84
85
77
79
78
78
77
79
82
80
79
78
79
87
87
80
89
86
78
80
90
90
84
79
81
79
87
81
78
77
78
78
77
81
82
87
79
86
77
78
78
79
76
75
73
71
69
88
94
94
95
89
84
93
97
94
86
83
84
93
93
98
91
97
97
99
99
99
101
103
102
101
91
104
102
104
103
103
80
81
79
83
77
78
77
79
77
76
77
78
93
89
89
92
94
93
93
90
94
95
92
88
91
93
88
93
92
92
88